48.0 55516
54.0 60798
45.0 65859
52.0 64699
55.0 68735
57.0 78195
64.0 29789
44.0 67113
56.0 50526
60.0 99130
49.0 33849
51.0 51755
53.0 64144
70.0 24042
47.0 61321
43.0 46884
63.0 35333
50.0 357429
36.0 35772
38.0 40341
100.0 348741
0.0 355045
62.0 49625
61.0 40543
58.0 51786
42.0 78391
46.0 64904
40.0 100999
39.0 27298
41.0 51236
87.0 5766
85.0 10406
59.0 31075
65.0 22463
69.0 15542
73.0 10279
68.0 19416
66.0 147946
33.0 145366
35.0 29480
67.0 12363
71.0 29535
37.0 48294
34.0 17581
72.0 16109
28.0 29459
75.0 67182
29.0 10151
26.0 9791
21.0 5731
22.0 11633
25.0 66684
24.0 3065
23.0 8532
30.0 26606
80.0 34441
32.0 12142
76.0 9343
31.0 16244
74.0 3671
15.0 3077
16.0 17794
14.0 10018
20.0 33618
17.0 2106
19.0 1708
18.0 5978
77.0 11688
82.0 2082
84.0 2659
81.0 6052
27.0 14391
78.0 5771
83.0 17565
9.0 1677
91.0 912
79.0 1645
7.0 1145
88.0 4079
89.0 335
10.0 2793
92.0 985
90.0 3493
12.0 5953
11.0 4050
5.0 659
86.0 1314
13.0 1542
93.0 481
4.0 262
8.0 1187
6.0 713
94.0 275
95.0 115
96.0 31
3.0 136
1.0 18
97.0 10
98.0 1
2.0 42
