0.72 20325
0.84 23472
0.05 71649
0.04 82334
0.25 27264
0.73 20246
0.8 22540
0.51 19195
0.0 555647
0.99 89636
0.44 19931
0.67 19273
0.01 221364
0.08 53818
0.56 18552
0.09 49908
0.5 19121
0.48 19323
0.97 40357
0.57 18824
0.59 18710
0.02 131078
0.81 22516
0.96 34580
0.2 31078
0.91 26656
0.88 25029
0.23 28599
0.24 28069
0.38 21490
0.27 26117
0.94 29699
0.54 18901
0.65 19034
0.83 23390
0.3 24357
0.93 28300
0.21 30362
0.13 40535
0.12 42681
0.07 58034
0.89 25801
0.6 18734
0.95 31744
0.33 23312
0.63 18852
0.79 22059
0.46 19765
0.45 19807
0.53 19153
0.36 22183
0.39 21090
0.49 19107
0.7 19727
0.87 25015
0.43 20367
0.92 27579
1.0 10704
0.06 63978
0.41 20785
0.29 25026
0.31 23948
0.61 19014
0.11 44828
0.17 34640
0.16 36158
0.85 24101
0.68 19475
0.9 26287
0.82 22894
0.74 20721
0.55 18592
0.18 33270
0.52 19421
0.98 52052
0.47 19700
0.76 21174
0.03 100034
0.77 21462
0.62 18943
0.78 21866
0.14 38978
0.32 23658
0.42 20253
0.58 18719
0.71 19738
0.22 29701
0.15 37341
0.34 23018
0.1 46618
0.64 19050
0.26 26871
0.37 21929
0.4 20700
0.19 32270
0.35 22549
0.86 24580
0.66 19114
0.28 25575
0.69 19570
0.75 20794
