0.37 70890
0.36 69322
0.5 76115
0.39 72271
0.51 75428
0.17 27609
0.41 73965
0.66 46977
0.43 75829
0.26 52745
0.35 68248
0.52 75927
0.64 52224
0.29 58922
0.45 76745
0.24 47579
0.65 49504
0.71 33428
0.34 67201
0.68 41466
0.3 60826
0.42 75335
0.27 55278
0.31 62475
0.22 42801
0.13 14238
0.47 77359
0.53 73909
0.73 28802
0.56 70387
0.6 61783
0.33 65718
0.55 71772
0.44 76218
0.4 73846
0.48 77017
0.28 56826
0.38 71440
0.57 68281
0.32 64160
0.72 31084
0.49 76869
0.74 26300
0.62 57713
0.82 11716
0.63 54813
0.58 66040
0.84 9027
0.85 7799
0.61 59769
0.77 20487
0.7 36375
0.59 63924
0.67 44238
0.54 72913
0.14 17947
0.2 36905
0.21 39244
0.46 76767
0.23 45452
0.07 1799
0.25 50411
0.81 13074
0.16 25057
0.18 30552
0.69 39126
0.76 22103
0.83 10191
0.19 33977
0.75 24340
0.8 14718
0.78 18142
0.79 16498
0.15 21599
0.12 11205
0.11 7922
0.89 3726
0.91 2468
0.9 3222
0.88 4893
0.87 5532
0.86 6697
0.0 3225
0.92 1792
0.1 5605
0.93 1371
0.08 2774
0.96 350
0.09 3903
0.06 1108
0.03 61
0.05 502
0.95 632
0.94 963
0.04 176
0.97 200
0.98 95
1.0 27
0.02 29
0.99 54
0.01 21
