0.33 55481
0.39 58168
0.59 59256
0.36 57445
0.49 60352
0.14 26384
0.44 59737
0.65 55762
0.38 57723
0.26 50385
0.41 58594
0.28 52494
0.46 59889
0.23 46160
0.62 58322
0.74 40704
0.7 48868
0.3 53830
0.55 60599
0.24 47753
0.35 56847
0.32 55122
0.09 11435
0.47 60969
0.54 61285
0.76 36151
0.31 54438
0.58 60825
0.51 60746
0.52 60865
0.42 59420
0.37 57126
0.5 60824
0.16 31152
0.67 53213
0.45 59567
0.79 29144
0.75 38233
0.63 57451
0.2 40711
0.68 51759
0.56 60995
0.86 14601
0.27 51709
0.66 53986
0.61 58289
0.4 58397
0.85 16243
0.48 60960
0.71 47258
0.64 56782
0.34 56239
0.78 31443
0.88 10715
0.83 20347
0.18 36301
0.53 60768
0.11 18912
0.19 38355
0.43 59194
0.57 60459
0.29 52953
0.22 44763
0.21 42522
0.06 3312
0.72 44876
0.25 49182
0.17 33615
0.13 24269
0.87 12613
0.15 28541
0.6 59285
0.77 33491
0.82 22374
0.73 42676
0.69 50387
0.81 24872
0.12 21397
0.89 9113
0.8 26861
0.84 18532
0.93 4045
0.1 15198
0.92 5033
0.94 2933
0.91 6295
0.9 7642
0.0 3220
0.07 4988
0.08 7784
0.96 982
0.05 2035
0.03 210
0.95 1928
0.04 960
0.97 299
0.98 41
0.02 15
0.99 2
0.01 2
