0.44 55137
0.51 68185
0.55 72984
0.59 74931
0.64 74485
0.2 18431
0.38 42162
0.73 64545
0.65 74963
0.5 67198
0.35 36763
0.34 34917
0.41 48265
0.46 59642
0.56 73355
0.31 30597
0.66 73647
0.29 27865
0.67 72815
0.79 48903
0.45 57113
0.33 33460
0.47 61219
0.37 40745
0.28 26879
0.17 19091
0.53 70672
0.6 75451
0.58 74095
0.71 69514
0.69 71991
0.62 75329
0.63 75858
0.4 46444
0.39 44358
0.68 72598
0.49 65086
0.87 19388
0.74 62743
0.57 74279
0.12 7542
0.72 68183
0.93 6365
0.7 70832
0.92 8004
0.54 72619
0.32 32202
0.81 44521
0.61 75184
0.8 49358
0.48 63467
0.76 57133
0.43 52712
0.09 5973
0.18 16900
0.42 51030
0.82 36280
0.25 23515
0.23 21559
0.3 29590
0.77 54212
0.16 15677
0.22 20260
0.52 69971
0.27 25659
0.13 8877
0.19 17476
0.75 59885
0.21 19546
0.24 22218
0.1 5983
0.78 51322
0.26 24227
0.84 28734
0.36 38647
0.15 13276
0.08 6282
0.85 25537
0.86 22208
0.83 32495
0.14 11114
0.88 16706
0.91 9597
0.9 11640
0.07 5395
0.94 4715
0.89 14095
0.0 3221
0.95 3495
0.06 3501
0.11 6524
0.96 2494
0.98 705
0.97 1434
0.99 118
1.0 5
0.05 53
0.03 2
0.01 1
0.04 7
0.02 2
