326.0 4791
148.0 10934
110.0 4910
238.0 20324
175.0 17781
165.0 14941
263.0 13766
245.0 18093
180.0 20712
141.0 9408
256.0 16231
296.0 8333
156.0 12992
213.0 24211
540.0 604
151.0 11502
347.0 3517
114.0 5323
229.0 21461
173.0 17237
324.0 5166
210.0 24911
160.0 14387
250.0 17619
391.0 2141
207.0 23984
90.0 3788
221.0 22953
161.0 13528
167.0 15324
284.0 10074
169.0 15977
149.0 10989
246.0 18463
321.0 5351
272.0 12369
182.0 20645
549.0 371
887.0 31
258.0 15383
335.0 4286
277.0 10989
254.0 15991
239.0 18386
233.0 20959
627.0 174
206.0 24443
194.0 22868
295.0 8317
378.0 2467
240.0 22752
312.0 6454
164.0 14896
358.0 3224
388.0 2232
337.0 4024
145.0 9955
216.0 24520
360.0 3599
204.0 23864
117.0 5489
278.0 11388
303.0 7200
189.0 21248
218.0 24225
342.0 3940
225.0 23174
215.0 23481
75.0 2741
271.0 12320
197.0 22202
74.0 2841
276.0 11616
162.0 14700
237.0 19861
172.0 16975
220.0 23758
315.0 5936
67.0 2991
183.0 19930
845.0 40
226.0 23038
168.0 16283
154.0 12505
397.0 1955
283.0 10000
365.0 2726
259.0 14517
224.0 23351
107.0 4395
62.0 2946
359.0 3065
205.0 23577
193.0 21885
232.0 21673
252.0 16784
170.0 16550
408.0 1814
132.0 8177
336.0 4616
264.0 14015
166.0 15716
142.0 9928
60.0 2827
255.0 16010
248.0 17887
174.0 17523
338.0 4300
412.0 1728
219.0 23072
181.0 20151
521.0 465
190.0 21750
230.0 21981
260.0 15379
209.0 23453
253.0 15857
140.0 9449
144.0 10994
185.0 20724
130.0 7784
84.0 3197
270.0 12947
152.0 12143
147.0 10569
136.0 8434
95.0 3683
201.0 22796
202.0 23641
848.0 47
211.0 23779
287.0 9345
344.0 3776
171.0 16643
124.0 7325
244.0 19054
262.0 14433
386.0 2264
421.0 1503
179.0 18755
687.0 109
1164.0 11
200.0 23704
188.0 21521
316.0 5853
163.0 14278
223.0 22541
100.0 4166
301.0 7449
382.0 2366
208.0 24895
119.0 5624
280.0 10858
177.0 18310
429.0 1315
241.0 18019
405.0 1839
274.0 12161
298.0 7992
353.0 3269
203.0 22997
289.0 8999
268.0 13189
104.0 4361
247.0 17465
292.0 9229
706.0 120
286.0 9624
158.0 13561
399.0 1930
288.0 9990
269.0 12499
112.0 5158
184.0 21073
281.0 10791
234.0 21116
186.0 21679
137.0 8795
195.0 23016
37.0 1239
192.0 24603
196.0 23457
327.0 4955
217.0 23117
146.0 10835
191.0 20532
266.0 13597
333.0 4515
285.0 10006
143.0 9605
227.0 21910
305.0 6854
309.0 6478
199.0 22910
153.0 11987
318.0 5600
242.0 19478
328.0 4843
426.0 1460
56.0 1948
212.0 24469
235.0 20728
299.0 7961
290.0 9202
96.0 4347
1093.0 22
363.0 2924
438.0 1324
1115.0 21
339.0 4050
275.0 11365
791.0 52
516.0 520
325.0 4953
349.0 3464
341.0 3904
756.0 67
243.0 18274
159.0 13204
414.0 1708
102.0 4185
319.0 5418
222.0 23099
1302.0 14
228.0 22347
127.0 6885
198.0 23219
214.0 24396
49.0 1581
236.0 21003
187.0 21018
82.0 3135
122.0 6589
403.0 1844
70.0 2920
53.0 1736
139.0 8933
381.0 2259
304.0 7247
176.0 18264
106.0 4389
72.0 2923
294.0 8612
311.0 6259
310.0 6547
55.0 1815
356.0 3303
423.0 1476
231.0 20982
323.0 5103
105.0 4221
372.0 2712
576.0 289
157.0 12930
441.0 1213
401.0 1883
528.0 452
802.0 59
249.0 17036
80.0 3167
92.0 3821
261.0 14612
178.0 18758
331.0 4612
87.0 3163
455.0 1028
282.0 10487
723.0 78
103.0 4036
609.0 199
340.0 4168
390.0 2385
150.0 11634
113.0 4885
306.0 7051
133.0 7994
484.0 808
379.0 2435
463.0 906
138.0 8939
313.0 5987
273.0 11835
479.0 711
345.0 3760
302.0 7536
128.0 7672
1583.0 4
343.0 3847
89.0 3464
78.0 2839
291.0 8685
293.0 8559
435.0 1298
314.0 6177
251.0 16632
866.0 47
155.0 12454
265.0 13297
317.0 5851
361.0 2948
118.0 5800
496.0 675
502.0 612
389.0 2099
605.0 220
120.0 7275
257.0 14974
354.0 3389
427.0 1436
570.0 521
135.0 8244
322.0 5366
522.0 523
437.0 1234
375.0 2671
1014.0 26
99.0 3800
398.0 2012
129.0 7177
57.0 1937
380.0 2361
134.0 8369
115.0 5141
111.0 4787
131.0 7734
858.0 43
126.0 7144
385.0 2268
97.0 3769
457.0 1017
267.0 13249
400.0 1973
420.0 1690
491.0 655
411.0 1715
373.0 2525
415.0 1595
698.0 103
622.0 183
355.0 3299
352.0 3479
402.0 1823
320.0 5767
367.0 2653
76.0 2977
357.0 3125
509.0 541
404.0 1876
109.0 4415
481.0 702
125.0 6944
279.0 10748
565.0 321
921.0 30
85.0 3196
409.0 1759
446.0 1138
507.0 566
108.0 4738
308.0 6699
348.0 3608
520.0 564
468.0 973
393.0 2042
368.0 2880
785.0 64
364.0 2995
329.0 4628
63.0 2877
376.0 2628
297.0 7831
332.0 4497
346.0 3776
584.0 303
121.0 6319
1091.0 14
392.0 2142
876.0 29
330.0 4908
807.0 54
307.0 6646
116.0 5543
58.0 1991
413.0 1627
334.0 4362
395.0 1970
406.0 1779
552.0 361
123.0 6881
462.0 958
439.0 1231
362.0 3070
705.0 124
387.0 2139
46.0 1632
65.0 2876
578.0 284
374.0 2569
573.0 296
416.0 1676
377.0 2542
351.0 3456
366.0 2887
660.0 171
396.0 2065
407.0 1824
471.0 843
101.0 3940
662.0 136
580.0 301
424.0 1511
506.0 600
544.0 359
1410.0 8
94.0 3817
681.0 107
64.0 3140
534.0 430
606.0 224
795.0 45
300.0 8393
384.0 2490
417.0 1537
466.0 932
469.0 889
556.0 358
853.0 42
669.0 117
1021.0 26
613.0 166
564.0 312
61.0 2691
587.0 271
562.0 317
432.0 1346
498.0 696
434.0 1370
868.0 40
44.0 1542
512.0 589
467.0 924
526.0 450
39.0 1327
369.0 2701
91.0 3668
918.0 37
440.0 1284
581.0 290
842.0 50
638.0 145
1181.0 15
77.0 2991
668.0 131
1095.0 16
422.0 1519
486.0 725
656.0 137
93.0 3805
31.0 1137
47.0 1568
71.0 2708
671.0 159
448.0 1134
641.0 141
383.0 2184
418.0 1553
554.0 353
88.0 3471
547.0 361
485.0 735
523.0 507
684.0 118
98.0 3964
494.0 704
51.0 1665
444.0 1118
595.0 312
460.0 1008
69.0 2985
477.0 742
442.0 1239
40.0 1447
877.0 50
677.0 130
890.0 45
54.0 1784
480.0 1067
670.0 115
482.0 808
81.0 2899
371.0 2694
428.0 1380
452.0 1092
754.0 73
596.0 281
519.0 534
857.0 44
410.0 1806
350.0 3552
557.0 339
32.0 1334
771.0 52
629.0 187
41.0 1442
535.0 427
419.0 1501
682.0 115
465.0 1043
663.0 123
626.0 177
643.0 160
503.0 548
1325.0 7
436.0 1336
617.0 208
425.0 1389
739.0 83
45.0 1685
492.0 749
618.0 172
504.0 602
658.0 154
66.0 2979
659.0 157
579.0 271
650.0 132
430.0 1451
950.0 34
592.0 285
666.0 152
487.0 720
473.0 865
741.0 83
73.0 2725
483.0 709
36.0 1298
1758.0 5
661.0 135
551.0 346
639.0 157
500.0 634
589.0 289
461.0 989
828.0 55
475.0 785
695.0 91
478.0 818
33.0 1315
79.0 2885
497.0 632
1049.0 21
370.0 2807
619.0 178
753.0 64
582.0 302
537.0 419
447.0 1076
538.0 418
48.0 1781
445.0 1201
593.0 279
575.0 283
470.0 924
518.0 529
844.0 45
86.0 3227
608.0 229
454.0 1081
801.0 50
511.0 571
34.0 1328
542.0 433
1100.0 21
1038.0 19
459.0 1000
924.0 36
693.0 103
624.0 190
849.0 45
1101.0 17
456.0 1093
510.0 588
571.0 290
932.0 33
499.0 637
722.0 99
433.0 1291
532.0 454
1218.0 17
1597.0 9
915.0 24
1292.0 9
602.0 213
453.0 1079
458.0 1013
674.0 132
83.0 3061
906.0 41
52.0 1742
539.0 422
569.0 323
505.0 569
1285.0 17
808.0 55
568.0 296
431.0 1404
548.0 395
767.0 62
394.0 2051
1119.0 20
1794.0 8
737.0 67
777.0 66
694.0 112
1433.0 6
840.0 61
59.0 2097
464.0 932
1391.0 7
555.0 352
577.0 301
515.0 537
42.0 1480
1003.0 22
68.0 3007
645.0 146
896.0 42
746.0 85
697.0 98
449.0 1132
597.0 314
1777.0 4
1241.0 13
1365.0 13
834.0 38
986.0 25
708.0 105
599.0 479
634.0 167
789.0 58
816.0 59
525.0 471
769.0 63
495.0 657
590.0 523
451.0 1136
603.0 222
657.0 130
649.0 131
1052.0 17
696.0 108
905.0 34
1124.0 18
616.0 178
50.0 1718
546.0 359
788.0 67
927.0 29
758.0 81
530.0 430
1193.0 14
476.0 907
443.0 1149
637.0 154
586.0 289
550.0 373
752.0 76
572.0 299
1414.0 4
488.0 783
733.0 79
953.0 39
902.0 54
472.0 904
841.0 55
654.0 151
514.0 567
716.0 89
493.0 628
563.0 310
652.0 149
781.0 60
1226.0 14
38.0 1298
941.0 26
553.0 339
761.0 68
1050.0 28
892.0 35
1001.0 34
524.0 507
673.0 122
768.0 74
1128.0 20
667.0 120
561.0 383
529.0 437
1154.0 15
588.0 300
1190.0 21
991.0 26
633.0 168
43.0 1429
1079.0 29
744.0 85
1578.0 9
490.0 740
450.0 1201
1766.0 4
545.0 396
1418.0 11
910.0 43
1613.0 6
543.0 324
778.0 57
773.0 71
699.0 67
1732.0 3
600.0 538
517.0 491
1155.0 20
489.0 698
894.0 33
35.0 1256
1243.0 10
688.0 108
882.0 44
1236.0 9
611.0 202
916.0 44
665.0 125
1434.0 6
751.0 64
703.0 94
1024.0 22
710.0 91
863.0 49
1060.0 34
799.0 66
689.0 98
1526.0 7
690.0 116
724.0 85
585.0 280
1314.0 7
533.0 427
1799.0 5
1133.0 12
914.0 40
1383.0 10
762.0 61
630.0 175
1736.0 4
646.0 159
610.0 197
938.0 37
1362.0 10
779.0 69
766.0 71
709.0 92
628.0 184
813.0 44
640.0 172
566.0 311
1246.0 8
701.0 98
655.0 126
1086.0 27
1020.0 37
692.0 105
734.0 83
1145.0 19
1059.0 20
774.0 68
730.0 93
850.0 59
760.0 74
711.0 98
745.0 74
975.0 32
625.0 181
885.0 46
874.0 54
1344.0 6
679.0 109
676.0 114
747.0 88
1025.0 21
1143.0 17
1450.0 12
839.0 52
620.0 180
900.0 118
621.0 172
632.0 170
30.0 559
1150.0 14
835.0 51
1449.0 9
879.0 34
612.0 184
647.0 122
784.0 66
1424.0 7
738.0 94
1435.0 8
846.0 43
508.0 556
536.0 409
680.0 119
559.0 317
474.0 825
700.0 89
732.0 96
804.0 51
908.0 36
729.0 79
607.0 214
1158.0 23
939.0 24
713.0 94
859.0 51
558.0 334
644.0 164
952.0 31
814.0 58
675.0 125
1216.0 16
992.0 30
727.0 88
594.0 282
601.0 241
591.0 292
614.0 195
1166.0 12
898.0 39
531.0 449
967.0 39
636.0 173
1291.0 10
1258.0 11
725.0 84
750.0 66
1083.0 15
901.0 56
934.0 34
1726.0 7
970.0 25
1032.0 26
735.0 80
1304.0 11
513.0 537
1069.0 13
740.0 88
854.0 58
794.0 46
1475.0 10
1004.0 28
873.0 32
1108.0 17
583.0 314
527.0 475
749.0 88
683.0 115
1381.0 11
1211.0 14
1343.0 13
1039.0 21
1139.0 17
1375.0 6
707.0 104
1070.0 19
955.0 36
541.0 418
832.0 59
1053.0 20
1031.0 27
1012.0 25
598.0 519
809.0 48
691.0 99
847.0 42
911.0 31
1129.0 18
775.0 74
783.0 59
685.0 99
928.0 36
776.0 53
574.0 293
869.0 31
1184.0 11
996.0 21
872.0 44
1327.0 10
823.0 45
903.0 56
742.0 74
787.0 57
763.0 76
631.0 189
759.0 51
567.0 345
852.0 46
985.0 28
810.0 44
786.0 74
664.0 116
770.0 68
930.0 43
1507.0 5
560.0 360
623.0 155
604.0 208
1081.0 19
1089.0 16
1067.0 14
1510.0 7
780.0 76
764.0 72
951.0 27
851.0 50
1195.0 13
1099.0 21
1584.0 6
827.0 48
1110.0 24
864.0 51
797.0 56
1519.0 6
1331.0 6
719.0 82
812.0 64
1121.0 19
715.0 95
983.0 24
1277.0 12
1743.0 4
1509.0 9
899.0 41
1077.0 21
615.0 185
1140.0 17
912.0 51
979.0 20
1339.0 5
1374.0 12
962.0 30
651.0 140
856.0 44
1238.0 13
1015.0 28
1197.0 15
1178.0 17
653.0 135
1151.0 14
929.0 33
635.0 174
1348.0 15
726.0 86
822.0 48
672.0 143
803.0 42
1088.0 20
796.0 43
1078.0 27
837.0 50
1347.0 6
1005.0 22
1114.0 26
1368.0 8
954.0 28
501.0 619
971.0 15
648.0 135
1271.0 7
909.0 37
881.0 44
884.0 44
1085.0 18
1109.0 12
1146.0 12
978.0 25
1610.0 6
875.0 46
1217.0 14
925.0 34
1595.0 3
717.0 78
1503.0 6
642.0 142
1247.0 13
702.0 108
878.0 31
1084.0 14
1534.0 3
825.0 47
936.0 39
1076.0 15
1695.0 10
1254.0 18
1670.0 3
1407.0 6
1337.0 6
792.0 66
818.0 52
1202.0 17
736.0 77
831.0 39
1560.0 11
961.0 26
782.0 80
1554.0 3
1431.0 8
897.0 33
920.0 33
988.0 35
1442.0 8
1762.0 2
1340.0 9
959.0 31
714.0 91
1214.0 8
1458.0 4
1172.0 8
1436.0 6
1317.0 11
1256.0 15
1635.0 3
1764.0 5
922.0 34
819.0 50
980.0 32
721.0 100
1260.0 30
1360.0 11
704.0 104
1097.0 13
1364.0 5
678.0 110
1759.0 6
1715.0 3
871.0 51
1138.0 18
960.0 53
1742.0 5
1144.0 13
1018.0 21
904.0 50
1430.0 7
1061.0 15
1565.0 5
1177.0 21
1131.0 19
1162.0 19
1390.0 11
728.0 88
1546.0 5
1305.0 7
1482.0 6
946.0 32
820.0 52
1747.0 6
963.0 29
1417.0 4
1063.0 25
1425.0 10
731.0 69
1486.0 5
1443.0 11
1008.0 18
1290.0 19
1388.0 11
748.0 80
712.0 85
994.0 34
1300.0 6
891.0 26
1179.0 11
1105.0 15
805.0 50
1142.0 14
990.0 29
1363.0 7
1594.0 5
1200.0 300
686.0 104
998.0 19
1006.0 23
1792.0 10
843.0 37
1023.0 21
720.0 141
1540.0 6
1122.0 12
1040.0 22
1544.0 7
1642.0 4
1731.0 8
1221.0 12
1535.0 6
997.0 25
790.0 64
1013.0 31
1587.0 6
1637.0 3
1183.0 15
1126.0 14
1616.0 3
1682.0 4
1212.0 16
1045.0 20
1082.0 21
933.0 49
968.0 33
1074.0 15
1523.0 4
982.0 31
830.0 48
1051.0 27
1251.0 11
1737.0 8
1497.0 7
1681.0 8
1016.0 24
956.0 23
1137.0 19
862.0 51
1439.0 8
1620.0 8
1335.0 11
1215.0 10
1405.0 16
919.0 36
965.0 20
1648.0 4
1592.0 5
1242.0 17
793.0 64
1252.0 8
1401.0 6
1159.0 20
1402.0 7
1169.0 13
1328.0 9
1500.0 30
1539.0 7
940.0 35
1354.0 6
865.0 40
1058.0 18
1080.0 23
1376.0 10
1011.0 22
1248.0 9
811.0 67
889.0 37
1102.0 19
1239.0 15
907.0 33
1220.0 12
1323.0 8
867.0 38
1398.0 10
1419.0 10
718.0 94
893.0 27
1123.0 14
829.0 40
1130.0 14
1000.0 22
1456.0 6
1663.0 4
1034.0 17
870.0 41
1717.0 7
1461.0 7
1358.0 12
1173.0 14
1361.0 7
999.0 20
1265.0 10
1479.0 12
1282.0 12
855.0 39
1189.0 24
1581.0 9
1028.0 19
800.0 55
743.0 63
1047.0 21
974.0 26
1227.0 9
1373.0 9
1573.0 4
1295.0 7
1192.0 15
772.0 65
948.0 32
798.0 50
1491.0 6
964.0 40
1750.0 6
1205.0 12
1224.0 22
984.0 28
1533.0 7
838.0 45
821.0 63
824.0 46
895.0 33
1279.0 6
817.0 52
1010.0 26
1445.0 10
972.0 27
913.0 37
944.0 22
1711.0 4
1027.0 21
1094.0 22
1041.0 22
1262.0 11
1253.0 14
755.0 74
1029.0 22
1547.0 7
1009.0 20
917.0 38
757.0 68
1472.0 11
1604.0 2
1599.0 5
1605.0 7
1342.0 16
931.0 41
1098.0 22
966.0 26
826.0 41
1489.0 5
765.0 59
937.0 31
1270.0 17
1729.0 5
1209.0 18
977.0 26
1066.0 21
1440.0 23
1116.0 21
1022.0 25
836.0 45
1112.0 17
883.0 34
1268.0 10
1483.0 7
1235.0 13
1057.0 20
1165.0 11
833.0 34
1501.0 10
1188.0 30
1416.0 7
1714.0 3
1685.0 6
1710.0 11
1153.0 23
1233.0 12
1280.0 16
1161.0 19
1120.0 16
1298.0 10
1174.0 6
1191.0 12
969.0 25
935.0 35
1037.0 16
1763.0 4
1036.0 22
1048.0 23
1741.0 5
806.0 64
981.0 28
1072.0 15
1026.0 24
1480.0 8
1219.0 18
1185.0 11
1194.0 13
1744.0 5
861.0 39
1234.0 9
1318.0 10
1536.0 7
1377.0 7
1180.0 11
1136.0 14
1127.0 15
989.0 18
1068.0 19
942.0 25
1315.0 13
973.0 29
1249.0 11
888.0 35
1019.0 20
1462.0 4
1712.0 8
1237.0 11
947.0 27
1329.0 11
1707.0 9
976.0 22
1395.0 5
1385.0 12
1275.0 13
1652.0 4
1367.0 9
1756.0 5
987.0 29
1007.0 24
1293.0 10
1264.0 5
1421.0 9
1448.0 8
1623.0 5
1046.0 24
1204.0 15
1267.0 12
1609.0 2
1399.0 5
1415.0 9
1514.0 1
1633.0 3
923.0 31
1551.0 8
1369.0 7
1132.0 13
1684.0 7
1274.0 13
1210.0 12
1423.0 6
926.0 23
1064.0 14
1156.0 14
1659.0 4
1520.0 6
1222.0 15
1403.0 9
1273.0 7
1278.0 15
1662.0 2
1776.0 5
957.0 24
1446.0 7
1788.0 7
1075.0 22
1055.0 23
1720.0 3
1517.0 2
993.0 18
1356.0 9
1779.0 5
1471.0 5
1639.0 4
1593.0 4
1591.0 2
1035.0 16
1775.0 8
1065.0 22
1322.0 4
1287.0 13
1770.0 4
1228.0 6
1464.0 10
1760.0 6
1073.0 10
1550.0 8
1432.0 12
1484.0 6
1232.0 16
1562.0 9
1308.0 7
1496.0 7
1334.0 7
1096.0 14
1796.0 7
1657.0 6
1761.0 5
860.0 40
1457.0 4
1485.0 5
1152.0 12
1092.0 14
1774.0 5
1463.0 8
1498.0 6
1168.0 22
1244.0 8
1259.0 8
1389.0 8
1087.0 21
1111.0 19
1692.0 3
1558.0 5
1203.0 18
1628.0 8
1333.0 9
1371.0 6
1269.0 8
1429.0 10
1135.0 13
1355.0 7
1326.0 15
1474.0 3
1163.0 13
1636.0 3
1490.0 1
1696.0 2
943.0 19
1261.0 11
1790.0 7
1661.0 5
1784.0 7
1786.0 4
1518.0 4
1366.0 7
1422.0 4
1338.0 9
1668.0 6
1201.0 16
1557.0 2
1353.0 5
1465.0 3
1149.0 17
1576.0 7
1771.0 4
1336.0 11
880.0 52
1062.0 18
1487.0 5
1147.0 11
1182.0 13
1307.0 11
1782.0 6
1341.0 8
1056.0 16
1107.0 18
1208.0 12
1213.0 9
1667.0 3
1103.0 10
1752.0 5
1525.0 6
995.0 20
1332.0 7
1071.0 17
1206.0 14
958.0 32
1175.0 10
1090.0 11
1160.0 19
1645.0 8
1646.0 5
1294.0 11
945.0 38
1406.0 6
1494.0 6
1522.0 6
1297.0 6
1299.0 12
1198.0 19
1157.0 15
1286.0 11
1207.0 14
1104.0 25
1606.0 4
1352.0 7
1017.0 18
1556.0 6
1030.0 26
1409.0 10
1411.0 7
949.0 32
1404.0 7
1196.0 17
1330.0 10
1549.0 6
1781.0 6
1460.0 3
1455.0 4
1266.0 5
1117.0 16
1466.0 3
1674.0 4
1408.0 5
1171.0 12
1629.0 5
1118.0 15
815.0 51
1739.0 6
1370.0 7
1199.0 9
1387.0 11
1426.0 12
1312.0 4
1281.0 12
1187.0 15
1240.0 14
1113.0 19
1357.0 11
1588.0 3
1428.0 6
1614.0 4
1793.0 6
1787.0 3
1306.0 7
1718.0 3
1596.0 3
1141.0 17
1481.0 7
1795.0 7
1701.0 6
1679.0 2
1542.0 6
1532.0 3
1569.0 6
1186.0 9
1380.0 8
1043.0 25
1272.0 10
1438.0 9
1568.0 4
1627.0 3
1176.0 26
1622.0 4
1378.0 7
1054.0 13
1394.0 14
1467.0 6
1283.0 13
1303.0 4
1396.0 11
1400.0 7
1651.0 7
1615.0 4
1656.0 3
1106.0 16
1427.0 7
1125.0 14
1673.0 2
1170.0 20
1420.0 7
1230.0 12
1552.0 3
1589.0 5
1541.0 1
1250.0 10
1351.0 6
1672.0 6
1611.0 3
1561.0 5
1469.0 4
1321.0 8
1529.0 6
1791.0 2
1319.0 9
1452.0 5
1382.0 8
1167.0 15
1531.0 7
1740.0 7
1349.0 8
1324.0 13
1225.0 13
1229.0 20
1572.0 6
1263.0 12
1649.0 4
1713.0 8
1310.0 11
1607.0 3
1768.0 4
1288.0 7
1505.0 9
1719.0 4
1397.0 10
886.0 39
1504.0 8
1392.0 6
1664.0 1
1044.0 12
1634.0 5
1134.0 12
1625.0 5
1666.0 3
1453.0 8
1728.0 3
1495.0 6
1384.0 7
1223.0 8
1231.0 13
1705.0 4
1346.0 10
1296.0 9
1548.0 3
1773.0 5
1669.0 2
1478.0 9
1755.0 4
1617.0 4
1660.0 3
1716.0 3
1708.0 5
1042.0 16
1515.0 3
1359.0 4
1255.0 14
1511.0 7
1778.0 2
1769.0 6
1783.0 7
1632.0 3
1488.0 6
1725.0 7
1506.0 4
1512.0 4
1444.0 3
1451.0 4
1543.0 2
1316.0 13
1320.0 9
1653.0 3
1447.0 6
1566.0 4
1654.0 3
1797.0 8
1393.0 11
1603.0 6
1379.0 7
1567.0 3
1745.0 4
1311.0 5
1785.0 5
1757.0 5
1677.0 3
1751.0 4
1733.0 1
1749.0 3
1694.0 2
1553.0 9
1564.0 4
1585.0 4
1441.0 6
1571.0 2
1698.0 2
1630.0 9
1678.0 3
1309.0 5
1754.0 5
1590.0 6
1372.0 6
1676.0 10
1524.0 4
1693.0 2
1767.0 3
1508.0 3
1575.0 3
1700.0 5
1721.0 4
1470.0 7
1621.0 5
1702.0 3
1350.0 3
1477.0 4
1289.0 6
1690.0 5
1580.0 4
1582.0 4
1647.0 5
1765.0 6
1738.0 5
1626.0 1
1598.0 2
1257.0 17
1545.0 4
1437.0 6
1245.0 8
1753.0 7
1675.0 5
1516.0 6
1530.0 6
1502.0 3
1574.0 2
1313.0 4
1680.0 1
1002.0 17
1528.0 5
1284.0 9
1687.0 4
1800.0 6
1586.0 5
1703.0 5
1772.0 3
1468.0 3
1691.0 2
1492.0 3
1789.0 2
1513.0 5
1033.0 13
1473.0 3
1644.0 3
1386.0 5
1600.0 3
1697.0 5
1730.0 5
1798.0 4
1780.0 3
1527.0 2
1608.0 5
1148.0 14
1459.0 4
1706.0 2
1683.0 1
1734.0 4
1658.0 2
1301.0 3
1619.0 2
1345.0 4
1276.0 5
1559.0 4
1671.0 1
1704.0 4
1748.0 3
1538.0 4
1638.0 3
1709.0 4
1624.0 1
1640.0 1
1723.0 6
1655.0 1
1476.0 4
1579.0 4
1601.0 5
1722.0 3
1563.0 2
1602.0 7
1577.0 5
1454.0 1
1724.0 2
1521.0 3
1735.0 3
1650.0 3
1631.0 4
1570.0 3
1686.0 2
1699.0 6
1493.0 8
1612.0 1
1537.0 1
1555.0 2
1499.0 4
1665.0 2
1643.0 1
1412.0 2
1688.0 2
1641.0 1
