5.81 5449
6.85 5452
9.36 4094
6.07 5493
7.2 5353
4.15 2714
7.29 5359
9.11 4296
7.99 5193
6.46 5582
5.51 5408
6.95 5486
7.32 5315
7.51 5312
8.02 5070
5.53 5320
7.27 5400
5.11 4789
8.48 4747
10.67 2699
6.06 5488
9.82 3560
5.87 5406
9.15 4233
5.4 5337
6.84 5471
6.12 5488
5.28 5064
3.02 328
7.08 5546
8.09 4981
10.91 2388
10.14 3359
8.46 4768
5.75 5416
8.83 4485
7.31 5369
6.44 5500
6.74 5474
6.62 5647
6.27 5409
7.74 5127
7.06 5404
6.16 5486
5.93 5610
6.22 5492
5.61 5369
4.47 3674
6.67 5638
8.14 5041
10.9 2396
7.48 5342
6.77 5536
12.04 1376
6.64 5435
6.37 5635
10.98 2319
7.57 5216
10.36 3090
4.12 2616
10.11 3230
8.24 4886
5.36 5158
17.81 58
5.17 5037
10.23 3219
9.23 4019
6.25 5566
9.09 4225
12.79 937
8.26 5042
7.53 5442
5.86 5417
6.93 5313
10.31 3064
4.71 4304
10.89 2516
5.8 5502
10.05 3474
8.61 4609
7.4 5347
13.11 767
9.1 4328
5.79 5302
12.61 969
10.68 2707
13.46 630
7.22 5345
8.97 4394
7.73 5324
7.86 5141
9.14 4250
5.23 5155
13.07 746
8.82 4497
9.48 3972
7.16 5386
10.93 2443
7.52 5371
5.92 5521
8.21 5023
9.73 3719
12.19 1314
4.3 3159
9.2 4317
6.69 5584
8.49 4903
5.49 5327
11.72 1638
6.52 5419
5.66 5438
7.7 5223
3.85 2043
9.72 3826
4.83 4510
6.6 5572
9.39 4096
7.1 5387
5.03 4800
10.3 3212
5.97 5457
5.0 4667
7.36 5280
7.24 5514
6.02 5529
9.41 3963
8.2 5011
10.63 2738
8.43 4867
8.29 4864
10.61 2753
8.42 4834
5.9 5436
7.23 5390
4.73 4257
7.46 5397
9.46 3981
7.75 5197
8.76 4733
8.6 4755
8.68 4653
4.94 4676
9.83 3658
3.47 1171
8.53 4793
5.54 5388
5.05 4971
10.26 3242
3.99 2284
10.75 2615
5.74 5457
5.42 5241
5.1 5088
9.02 4453
5.58 5371
7.65 5354
6.73 5336
5.69 5462
5.73 5354
3.95 2267
6.79 5402
7.98 5134
9.56 3975
5.52 5228
11.35 2043
5.39 5307
6.3 5624
9.24 4249
9.74 3712
9.71 3819
9.04 4316
5.02 4806
3.66 1579
5.76 5564
9.21 4170
7.09 5388
6.68 5465
5.27 5063
5.33 5044
8.01 5171
8.15 4999
10.33 3056
11.03 2252
14.21 367
9.65 3866
6.43 5549
8.5 4897
5.94 5444
3.89 2072
4.88 4597
6.88 5556
6.39 5564
9.7 3732
4.98 4842
4.01 2345
5.83 5335
6.29 5391
8.17 4949
9.25 4143
4.22 2821
3.86 2048
6.65 5393
5.48 5273
11.52 1873
5.96 5446
9.0 4482
7.61 5232
4.46 3599
8.51 4919
8.7 4699
6.54 5528
5.16 5021
4.69 4203
7.01 5476
4.37 3420
4.85 4504
6.05 5502
7.88 5175
8.74 4585
8.88 4414
6.57 5522
3.05 333
7.28 5400
9.96 3580
12.05 1373
4.32 3200
8.36 4861
4.52 3770
5.29 5118
6.35 5423
9.84 3554
4.93 4727
12.94 817
8.11 5024
7.37 5278
8.28 4852
7.33 5301
6.56 5612
6.17 5401
5.56 5525
11.0 2332
8.75 4644
6.58 5582
6.11 5458
6.81 5475
6.7 5448
8.1 5032
5.25 5128
6.33 5605
10.27 3180
6.76 5402
7.78 5290
6.26 5495
5.34 5231
6.38 5459
9.58 3928
8.19 4937
5.88 5576
7.41 5398
3.52 1258
13.28 720
9.19 4279
11.68 1609
11.38 2001
8.07 5026
8.55 4720
6.61 5509
5.5 5346
4.75 4312
5.32 5176
7.58 5325
5.12 4994
10.56 2896
7.47 5301
13.06 834
8.94 4393
7.54 5348
7.07 5325
12.17 1243
5.64 5387
8.34 4925
8.16 5035
9.98 3503
10.48 3004
11.83 1547
10.44 2909
4.33 3211
7.25 5393
11.07 2281
5.19 5105
7.34 5206
5.45 5314
10.25 3196
5.84 5596
10.22 3176
5.47 5300
7.13 5372
13.36 649
5.57 5356
7.39 5347
7.85 5230
3.77 1758
6.21 5520
7.76 5273
11.05 2358
7.8 5114
8.13 4894
8.67 4705
10.06 3413
11.12 2257
8.32 4885
7.42 5302
10.15 3382
10.74 2734
6.51 5532
8.47 4738
10.13 3266
6.78 5559
9.54 3972
8.25 4927
4.74 4178
6.45 5435
6.47 5591
9.5 3954
9.64 3866
8.91 4459
8.96 4612
7.05 5365
8.79 4588
13.56 576
5.18 5098
7.72 5110
10.72 2653
8.05 4983
14.75 315
12.76 905
12.57 1069
10.35 3146
9.26 4122
8.12 5061
5.63 5386
9.99 3443
8.93 4485
3.75 1879
7.71 5094
3.67 1654
6.04 5497
12.27 1220
9.79 3614
7.93 5152
6.86 5488
6.99 5422
7.89 5149
7.14 5406
4.35 3335
4.28 2957
4.02 2412
7.6 5428
8.87 4519
8.81 4628
11.17 2153
10.53 2899
7.3 5366
6.48 5454
5.91 5490
9.3 4088
11.1 2284
6.94 5326
7.19 5446
9.76 3726
7.56 5123
4.87 4601
8.69 4812
3.41 1118
10.94 2398
7.63 5199
4.99 4837
8.56 4734
6.63 5475
10.85 2515
8.71 4543
8.23 4991
6.09 5599
9.92 3577
4.21 2886
7.95 5081
9.66 3713
14.62 295
11.08 2250
10.83 2478
11.56 1808
8.59 4751
6.41 5507
5.82 5562
6.15 5615
10.32 3060
10.65 2722
9.29 4180
7.55 5401
5.77 5575
4.31 3114
12.72 969
7.12 5333
7.18 5384
6.2 5526
5.46 5368
7.96 5150
8.65 4695
7.9 5104
7.04 5387
9.59 3847
3.21 670
6.97 5474
4.23 2896
5.24 5092
9.05 4381
9.08 4326
6.72 5449
5.26 5115
5.37 5098
4.18 2800
6.98 5471
4.43 3555
4.67 4113
11.11 2258
8.31 4847
6.36 5526
5.99 5409
11.5 1868
11.3 2116
10.54 2888
7.15 5289
11.44 1999
4.08 2565
13.41 600
10.4 2980
3.87 2041
8.54 4825
8.0 5079
14.86 266
10.21 3115
4.79 4513
8.37 4812
7.84 5112
16.82 104
4.39 3362
4.61 3845
10.41 2839
12.11 1292
10.01 3312
10.42 2998
8.73 4723
4.2 2769
8.41 4907
8.99 4391
6.01 5558
6.13 5641
9.77 3758
8.45 4815
4.9 4753
9.62 3864
6.28 5501
8.33 4799
10.87 2480
3.97 2289
8.84 4546
6.19 5647
7.0 5346
6.14 5601
6.1 5554
9.9 3514
11.99 1401
13.2 694
5.3 5123
10.37 3005
9.88 3636
8.8 4601
5.44 5452
5.67 5446
9.49 3959
9.67 3846
4.62 4102
6.55 5462
11.27 2077
5.21 5123
5.89 5537
13.69 532
6.53 5562
4.97 4942
4.45 3514
5.55 5258
7.02 5477
7.03 5361
15.05 238
10.24 3054
9.87 3668
7.94 5175
8.18 5047
7.5 5321
7.69 5199
5.78 5437
3.44 1164
7.66 5206
8.58 4729
3.84 2007
5.6 5267
8.62 4753
4.81 4423
9.13 4236
8.95 4456
11.09 2182
7.82 5204
4.76 4194
8.77 4486
6.4 5512
7.26 5390
6.83 5451
9.01 4376
10.84 2543
9.16 4241
4.68 4319
6.82 5464
4.59 3816
3.8 1856
4.38 3300
6.24 5537
15.44 221
10.19 3185
5.68 5502
9.33 4073
3.55 1344
8.39 4775
3.62 1436
5.72 5550
4.53 3709
8.03 5063
9.93 3505
7.68 5200
10.0 3377
5.65 5418
7.77 5080
4.42 3379
6.59 5511
9.8 3660
6.08 5531
7.79 5086
6.49 5635
6.91 5380
8.64 4775
5.59 5374
11.94 1400
10.43 2995
9.61 3842
7.17 5373
7.83 5239
10.47 2875
7.11 5275
11.24 2183
13.79 497
8.44 4967
3.73 1694
10.6 2790
10.09 3370
9.35 4108
7.49 5272
9.69 3851
6.89 5507
12.2 1219
9.32 4117
8.04 5040
5.85 5443
4.17 2740
7.97 5160
5.43 5316
6.31 5491
9.38 4041
8.66 4690
3.56 1416
8.22 4938
9.43 4087
4.82 4467
8.52 4862
6.03 5579
11.18 2142
9.89 3675
5.09 5071
6.87 5606
12.37 1228
10.81 2448
4.7 4204
5.04 4895
8.86 4469
6.71 5449
6.9 5644
11.23 2111
7.45 5347
4.34 3181
4.77 4233
6.96 5344
13.09 892
10.34 3037
5.01 4807
10.02 3420
17.21 91
3.29 792
7.87 5144
12.93 840
11.98 1361
4.49 3660
4.66 4209
5.06 5009
8.38 4831
9.4 4060
3.63 1545
12.52 1009
5.41 5472
8.63 4699
6.75 5475
7.62 5189
6.92 5459
9.81 3670
4.25 2951
4.07 2497
10.86 2522
4.14 2725
11.66 1673
10.29 3140
4.86 4466
8.92 4484
10.5 2900
6.23 5603
5.98 5414
7.64 5129
6.32 5367
7.38 5477
9.95 3476
9.45 3932
11.96 1448
8.57 4799
3.53 1330
5.35 5147
5.31 5199
6.66 5385
9.37 4063
7.43 5251
11.48 1758
9.31 4152
9.91 3636
5.62 5321
11.42 1827
8.98 4415
7.59 5183
14.76 325
8.4 4940
10.46 2960
12.02 1400
7.21 5316
11.22 2144
7.35 5356
10.57 2824
11.75 1578
6.8 5410
4.29 3091
9.06 4392
7.67 5210
5.95 5570
4.51 3736
10.18 3248
10.8 2580
14.13 398
4.8 4420
10.28 3185
9.86 3601
11.8 1575
5.71 5508
9.6 3899
11.46 1902
13.95 473
8.35 4764
4.27 3058
4.41 3450
13.9 433
3.93 2179
4.56 3881
11.65 1743
8.89 4436
11.85 1487
6.5 5516
11.02 2374
10.58 2805
7.44 5320
11.77 1623
4.89 4559
8.9 4498
11.93 1553
6.42 5599
9.28 4115
11.13 2177
11.74 1618
9.94 3467
11.2 2081
8.08 5076
11.84 1547
4.26 2992
11.33 2097
9.51 3928
4.72 4152
4.65 4050
13.98 473
13.25 689
9.03 4392
4.92 4699
13.74 524
4.48 3645
9.17 4355
11.43 1990
12.12 1298
10.82 2507
3.94 2215
22.13 7
11.4 1985
11.37 2087
9.68 3770
12.34 1260
4.64 4117
5.38 5274
5.07 4793
12.08 1345
9.57 3876
4.19 2839
4.95 4746
4.91 4555
14.14 402
16.22 135
5.22 5052
4.4 3432
12.9 874
12.31 1087
4.11 2597
4.54 3817
10.45 2987
3.12 396
8.3 4838
15.25 233
6.34 5586
14.91 261
4.16 2688
6.0 5559
4.57 3925
5.14 5059
9.07 4321
9.47 4057
3.96 2261
11.7 1681
11.49 1844
11.88 1543
3.46 1139
10.79 2502
8.27 4827
9.85 3724
11.16 2103
10.07 3392
14.22 413
10.2 3162
10.49 2995
4.6 3944
9.63 3787
9.42 4101
12.42 1122
10.96 2334
5.15 5088
12.21 1248
9.18 4312
11.71 1638
3.59 1415
11.25 2139
9.27 4142
13.0 765
15.43 211
11.14 2224
12.4 1100
15.06 266
11.39 1971
9.55 3925
4.5 3721
9.34 4128
7.81 5143
11.6 1778
14.55 325
12.22 1182
16.35 139
11.62 1821
10.62 2790
10.38 3067
11.95 1483
13.32 699
13.82 490
11.04 2288
3.9 2104
8.85 4391
4.84 4388
7.92 5254
13.51 664
5.13 4827
12.14 1312
12.73 961
4.03 2399
11.61 1758
10.03 3409
3.28 754
4.09 2529
11.31 2069
11.36 2036
12.64 1013
14.0 440
8.78 4492
8.72 4596
5.08 4824
10.59 2725
4.63 4051
3.61 1528
10.64 2767
9.52 3940
3.72 1740
9.44 4079
12.62 1015
9.12 4275
3.69 1766
13.17 701
15.62 171
14.93 265
12.32 1204
12.92 839
13.64 555
10.71 2712
16.42 115
13.8 546
9.78 3675
11.53 1912
12.71 900
11.15 2215
9.22 4281
4.78 4325
12.0 1432
12.53 1040
2.91 206
13.65 568
12.38 1158
3.83 2002
10.16 3317
12.49 1126
4.1 2558
9.75 3664
15.39 200
12.01 1437
6.18 5357
14.15 400
3.54 1316
11.81 1544
8.06 4983
17.68 67
5.2 5000
12.06 1336
4.24 2928
15.42 215
9.53 3949
10.7 2687
10.39 3020
4.58 3994
10.08 3347
13.55 592
14.26 350
13.44 617
3.74 1746
10.52 2874
3.2 608
12.29 1150
10.73 2692
7.91 4999
15.65 168
3.08 378
11.58 1865
15.52 209
14.66 318
3.88 2123
4.13 2661
11.78 1639
11.29 2029
11.57 1743
9.97 3491
12.78 958
15.29 233
14.09 395
4.0 2386
15.95 145
14.53 336
13.86 497
10.66 2775
14.49 355
14.06 436
3.48 1232
12.69 930
4.36 3300
13.57 623
10.69 2742
14.34 357
11.06 2262
19.48 18
12.39 1149
4.55 3924
14.68 323
10.88 2553
5.7 5432
10.51 2969
12.54 1044
11.9 1564
12.13 1326
13.42 666
10.99 2349
10.17 3382
16.01 137
11.21 2112
12.65 1007
3.91 2091
12.16 1322
14.2 398
10.04 3413
3.58 1446
12.07 1385
12.03 1413
11.86 1525
11.64 1741
11.41 1980
13.13 736
12.99 788
12.28 1195
15.89 156
3.4 1032
12.84 841
16.12 149
11.34 2057
11.55 1787
13.35 651
11.28 2083
11.92 1506
13.75 547
15.02 248
13.89 494
10.1 3309
4.04 2457
14.7 332
11.97 1413
17.32 74
13.92 430
12.24 1270
13.12 763
17.12 93
11.45 1869
15.22 229
4.44 3605
12.44 1100
12.25 1244
13.15 719
12.47 1083
14.4 359
3.34 874
12.15 1268
14.64 306
11.82 1556
3.51 1234
14.56 333
10.76 2664
12.51 1083
15.19 261
13.01 766
15.47 181
14.25 369
12.86 869
10.92 2435
16.02 174
12.58 1006
12.36 1160
12.91 819
14.71 310
11.67 1735
14.41 353
10.97 2367
13.1 759
13.54 561
13.24 727
13.31 658
3.42 1092
23.7 2
12.48 1080
19.96 27
11.54 1879
15.73 181
3.81 1902
3.38 953
10.78 2634
18.14 53
10.12 3269
12.26 1178
11.76 1631
12.88 894
14.07 417
12.5 1038
13.39 630
11.87 1519
3.03 358
12.74 952
10.95 2407
3.16 533
14.24 383
11.26 2093
13.6 585
12.1 1305
10.55 2887
3.6 1467
13.37 646
14.63 306
13.23 717
14.45 337
12.55 1019
13.88 495
12.67 947
13.3 651
16.66 83
2.93 217
13.52 563
13.93 476
4.96 4801
13.94 470
12.59 1020
3.23 689
14.98 269
18.8 49
14.12 434
11.19 2031
11.59 1764
13.08 752
14.05 468
13.21 707
17.5 69
14.33 402
13.34 633
12.87 867
3.71 1661
13.81 489
13.14 712
12.45 1081
3.78 1865
11.47 1849
15.87 142
11.32 2113
3.64 1529
3.98 2272
12.82 926
2.77 99
11.73 1588
12.75 913
3.31 807
11.51 1831
3.26 682
18.55 44
3.92 2148
13.7 481
19.78 26
3.82 2005
13.76 537
12.3 1181
15.56 219
15.14 217
12.09 1356
13.33 659
3.35 1034
11.79 1611
3.18 561
16.58 116
14.92 275
3.04 320
3.68 1647
3.32 907
3.15 461
13.87 462
13.72 530
15.15 241
12.97 795
3.43 1131
14.95 268
14.28 387
12.68 974
12.89 834
15.71 203
12.85 825
13.59 539
12.98 823
17.29 78
16.31 128
17.66 79
13.19 708
11.01 2278
3.45 1118
11.63 1757
13.45 606
4.06 2409
3.19 591
21.29 6
19.14 40
17.01 79
11.89 1445
13.43 635
3.7 1695
13.4 607
13.04 756
3.76 1872
4.05 2412
18.56 33
2.94 249
13.02 797
14.29 377
3.65 1555
13.53 592
14.18 394
14.03 460
14.54 316
12.18 1266
13.97 474
15.01 260
14.3 390
15.55 168
13.85 489
12.96 830
15.27 215
13.77 504
12.41 1186
15.78 171
13.18 769
14.37 376
13.67 525
3.33 884
16.47 118
12.35 1234
12.23 1234
11.91 1494
12.81 896
10.77 2547
16.06 150
14.31 376
14.02 466
12.77 929
14.38 391
12.6 993
2.73 100
3.3 815
13.61 589
17.84 67
12.66 959
16.68 111
13.26 662
14.19 443
15.03 258
15.6 175
12.95 836
14.08 441
12.33 1147
14.16 420
3.5 1239
15.09 267
17.3 82
14.58 344
16.9 111
13.38 621
12.46 1097
20.24 15
20.17 23
13.91 481
14.65 301
13.22 739
15.23 221
3.79 1903
2.87 187
15.61 172
12.56 1013
0.0 170
3.57 1402
13.16 692
16.18 161
17.69 67
16.83 83
18.36 53
3.07 349
16.24 124
16.96 113
14.89 287
14.79 252
13.29 660
19.36 33
0.2 1
13.49 564
15.53 215
14.32 389
3.17 463
2.82 129
14.04 436
3.39 1092
16.61 111
14.9 256
15.57 221
16.49 119
3.36 922
14.27 424
13.05 787
15.21 208
13.73 512
3.13 463
13.78 531
11.69 1746
12.83 884
15.84 191
15.11 273
14.81 294
17.4 74
14.8 281
2.76 106
15.93 153
14.17 431
3.22 603
18.08 47
17.48 60
14.88 270
15.94 160
15.12 267
12.43 1074
12.8 935
13.58 557
13.03 746
16.25 137
12.63 972
16.54 120
15.28 225
14.99 244
14.59 317
13.27 720
15.64 175
14.1 447
14.82 298
13.5 613
13.62 586
16.09 172
17.39 64
23.47 5
17.71 75
3.49 1227
12.7 940
14.73 275
3.01 333
3.14 453
15.92 180
17.14 97
19.68 21
3.37 988
14.39 371
22.28 8
3.27 707
14.5 367
14.85 276
14.72 313
14.94 260
15.04 239
16.62 118
3.24 647
2.75 97
15.1 233
17.98 59
14.74 303
15.49 198
20.96 11
15.36 212
19.54 28
3.11 432
18.39 51
14.47 321
15.35 222
14.36 347
16.27 113
16.45 151
22.33 9
3.1 418
14.96 274
20.44 24
14.78 274
14.97 262
14.52 329
17.88 70
18.21 58
15.26 225
14.43 329
15.79 185
13.96 479
15.74 193
15.81 168
19.15 29
13.66 533
21.06 11
18.64 41
15.9 163
15.51 179
15.34 198
16.48 146
13.71 529
13.48 575
14.67 308
15.46 204
17.78 69
15.68 172
2.92 218
14.11 392
14.42 328
2.89 186
19.32 26
13.99 474
15.18 236
16.2 141
16.16 129
16.39 118
16.51 122
17.96 64
14.46 355
15.88 171
17.2 98
14.51 326
24.95 4
14.61 345
15.0 268
13.83 545
14.87 280
2.58 38
15.72 171
20.09 19
22.1 9
15.59 181
2.88 179
3.06 364
16.69 106
15.91 168
14.77 317
18.29 49
13.84 456
14.44 343
15.13 218
20.54 21
13.47 579
23.99 4
18.04 61
17.02 92
17.45 89
16.4 124
20.0 27
17.56 78
15.98 168
15.67 204
15.97 163
16.1 152
14.48 349
3.0 277
3.25 690
19.38 35
16.85 107
18.02 56
17.22 87
20.39 17
14.01 416
14.84 275
17.65 59
15.16 263
17.51 62
2.66 58
13.63 599
14.6 329
16.21 137
16.17 152
15.33 229
18.85 30
16.36 103
16.03 175
18.03 44
15.24 249
18.68 45
16.7 113
21.4 8
16.11 156
17.08 85
17.87 68
19.6 33
16.32 106
17.47 81
16.89 90
19.88 24
15.99 135
2.56 51
15.69 170
15.75 164
17.05 99
18.75 34
17.35 74
16.23 110
16.05 141
20.38 19
33.15 1
17.85 68
19.21 26
19.12 36
16.76 104
2.97 229
16.56 130
15.17 228
17.89 68
15.82 164
16.6 78
23.09 5
21.08 15
14.35 372
16.8 110
15.2 264
16.95 95
19.27 27
18.43 57
15.48 233
18.01 53
16.19 138
2.48 35
13.68 533
19.04 39
19.25 34
16.13 140
19.95 20
16.52 120
25.07 4
16.97 98
2.99 281
16.84 101
22.73 5
17.19 78
15.07 240
17.49 83
19.53 22
17.33 86
16.28 137
19.83 22
19.1 34
19.31 31
16.72 113
18.93 40
16.26 121
18.22 68
20.47 21
16.3 126
0.89 8
16.91 100
18.44 55
17.24 72
18.37 53
19.56 21
18.38 45
17.8 82
16.46 123
24.49 4
19.4 27
16.15 140
17.64 69
3.09 386
23.43 5
17.03 94
15.63 187
18.16 51
16.37 142
1.6 1
15.31 222
2.98 257
23.08 9
15.86 145
20.97 12
20.1 14
2.81 124
19.89 21
22.16 4
14.57 337
20.66 19
18.24 43
22.7 10
19.18 20
19.16 21
15.3 223
2.69 101
19.46 28
22.91 4
17.74 59
15.58 170
21.25 12
18.46 40
22.25 7
19.19 27
19.85 15
15.66 189
17.6 82
16.57 82
21.23 8
18.59 44
20.72 18
21.99 8
18.47 53
21.13 13
14.69 320
20.86 13
22.8 6
20.06 20
19.69 21
17.43 75
20.01 20
20.58 22
15.8 148
18.76 37
17.36 80
16.78 97
16.07 133
16.29 140
16.65 103
16.94 87
20.68 21
21.92 10
16.88 104
17.16 81
18.51 57
17.34 86
18.07 61
20.8 21
19.51 30
16.5 131
15.08 262
18.82 42
17.42 86
19.42 34
19.23 40
15.7 166
17.63 71
16.86 115
16.73 106
20.46 15
20.42 21
18.89 42
16.87 124
21.56 7
18.99 40
20.83 7
19.41 26
2.96 254
17.58 72
17.27 80
23.28 10
16.63 114
19.57 28
22.75 7
2.6 47
2.95 245
17.95 67
18.12 52
18.17 45
19.72 21
15.41 213
18.33 47
16.04 163
21.42 14
17.62 72
26.73 2
21.53 7
21.51 10
17.1 85
2.9 187
22.29 7
14.83 272
16.0 152
18.13 52
20.61 21
18.41 38
16.67 98
16.64 106
17.28 93
16.55 123
23.53 2
17.86 53
19.76 23
19.37 32
19.2 16
19.44 32
15.96 171
15.54 180
18.42 37
19.75 25
19.01 32
17.61 63
2.79 109
2.83 115
15.37 211
17.53 80
16.81 124
16.44 125
17.44 65
2.85 140
17.23 77
15.83 162
17.52 62
21.73 9
17.83 70
18.63 42
17.46 80
17.18 75
16.34 110
20.21 22
15.5 192
2.78 120
20.14 23
22.42 7
16.33 141
18.6 44
18.06 61
18.61 29
15.76 160
17.7 63
17.31 57
2.49 24
17.11 128
21.98 10
18.53 39
17.15 85
18.69 41
17.26 80
17.77 61
15.32 202
18.1 48
18.32 46
20.74 14
18.05 61
20.77 13
21.81 8
2.8 97
18.2 51
15.38 206
27.61 2
32.8 1
20.37 11
18.57 38
17.09 77
20.35 15
18.65 54
2.13 12
14.23 403
17.99 53
17.97 53
19.94 19
16.08 162
20.53 16
20.2 11
18.15 50
19.99 19
15.4 199
16.75 115
17.25 76
18.74 35
15.85 155
22.61 6
2.67 74
19.11 32
16.98 107
17.06 88
19.65 27
20.9 14
18.72 42
21.3 9
17.13 76
19.45 23
18.35 39
18.26 51
20.07 19
28.92 1
21.7 7
22.99 5
2.86 180
2.39 42
16.41 131
18.94 38
2.65 57
21.45 12
19.29 23
18.25 53
2.72 100
23.84 3
2.28 15
21.59 11
19.97 26
18.91 43
21.43 12
2.63 62
16.43 130
19.84 20
23.5 3
22.88 4
19.02 24
2.71 108
2.54 29
15.45 203
20.76 12
48.75 1
16.71 108
24.15 4
21.16 13
32.34 1
18.09 54
21.31 9
22.52 7
17.9 51
17.92 58
16.79 117
18.79 45
16.93 92
19.26 35
21.32 12
23.76 7
18.81 30
17.75 60
17.0 86
26.81 8
17.72 57
20.12 24
19.71 17
18.71 37
25.46 3
16.74 96
16.14 139
18.7 39
21.41 14
19.35 29
21.83 11
18.54 26
22.6 9
22.9 2
20.5 15
2.84 124
29.08 2
25.0 2
24.01 2
19.9 32
24.09 3
16.38 119
23.02 4
23.97 5
20.71 12
19.09 22
21.54 13
2.57 63
17.57 75
23.24 8
18.19 59
17.73 67
21.34 19
26.78 1
19.79 34
19.07 32
22.01 10
25.91 2
15.77 168
19.77 19
19.98 17
2.43 24
17.67 74
19.0 31
17.54 71
21.67 5
23.56 6
20.32 15
22.09 6
25.17 4
2.59 38
19.64 18
19.7 20
17.93 47
19.93 29
28.48 3
25.08 3
23.69 6
17.07 109
22.76 11
18.5 42
17.38 70
2.74 86
19.59 32
19.47 32
18.87 48
19.05 30
2.68 59
21.87 5
16.99 107
2.61 56
18.92 29
21.69 15
20.48 15
18.66 32
25.62 3
20.41 20
2.52 29
20.03 15
20.08 18
2.16 8
37.72 1
18.77 35
2.14 3
17.17 79
23.77 7
24.0 7
20.94 14
2.45 24
16.59 128
24.56 4
16.77 100
18.96 31
18.95 39
26.77 1
18.18 52
22.47 7
19.33 25
21.03 13
19.49 20
23.1 5
2.51 26
2.03 3
19.52 24
18.52 55
22.14 6
21.86 8
18.83 36
22.39 8
20.27 20
28.46 2
21.05 13
23.58 6
20.62 14
17.82 58
2.47 24
22.05 10
22.0 11
2.02 2
17.41 81
21.09 6
21.9 6
25.68 2
24.59 6
20.05 20
2.1 5
18.11 61
18.98 40
20.89 18
20.31 14
25.7 2
2.19 6
47.11 2
48.0 1
20.43 19
47.04 1
2.62 41
47.03 1
28.95 1
47.66 1
16.53 116
48.08 1
47.82 1
2.7 71
48.35 1
17.76 54
17.55 61
38.5 1
18.48 37
20.25 13
21.63 10
20.4 16
34.67 1
22.11 11
21.21 12
22.3 8
22.81 7
21.6 12
17.79 62
24.04 4
21.49 9
18.4 38
21.17 14
21.55 12
20.7 18
18.28 49
17.04 97
24.44 4
20.45 21
20.51 10
16.92 85
19.43 30
20.59 17
26.18 3
21.1 10
21.02 12
20.22 18
17.59 70
23.71 3
26.99 1
18.88 38
49.12 1
23.04 7
28.98 1
22.65 6
17.91 55
24.31 1
21.84 14
23.68 6
29.9 1
22.02 9
25.82 2
20.64 17
23.26 8
22.51 5
28.97 1
28.17 3
21.93 9
23.27 4
19.86 18
26.09 1
2.4 29
19.28 31
21.52 7
18.31 53
20.3 16
23.31 7
19.8 27
18.58 37
20.55 22
2.5 26
22.84 6
19.34 30
21.01 13
23.35 5
22.72 11
19.63 25
20.02 23
19.3 27
21.66 10
20.78 20
18.9 48
21.39 5
18.23 43
22.68 6
32.26 2
26.76 1
24.7 4
23.74 7
20.73 14
27.03 2
22.62 7
21.35 12
19.17 36
18.49 41
18.45 50
19.06 34
2.23 9
21.77 13
22.06 10
23.11 4
18.62 37
18.73 34
23.15 6
22.77 6
24.34 3
20.36 22
22.67 6
22.96 4
28.04 1
17.94 69
20.26 20
20.91 13
22.46 4
20.95 7
22.59 6
19.58 31
22.07 11
19.92 28
20.33 13
20.18 22
18.67 33
23.2 6
21.14 9
23.52 5
18.3 46
21.0 13
20.79 21
20.23 18
21.37 18
22.69 5
22.87 6
22.49 8
2.27 12
24.89 2
23.6 8
21.28 12
21.44 13
24.1 4
26.35 1
20.82 17
26.71 4
18.84 34
25.16 2
24.58 3
25.27 3
18.86 31
24.3 8
21.15 16
19.61 18
24.39 10
24.77 5
19.08 30
20.75 18
19.73 26
23.39 3
17.37 87
22.48 6
25.69 3
21.88 5
21.62 10
20.34 17
21.95 14
24.07 4
2.55 31
22.18 11
2.29 17
24.99 4
24.97 2
2.25 11
20.92 21
21.65 7
20.6 17
20.11 21
2.15 2
22.94 2
27.43 2
21.91 7
27.72 1
19.5 25
22.26 11
36.74 1
24.72 4
18.78 31
19.55 27
23.55 3
21.38 9
39.08 1
18.27 42
2.64 42
18.0 46
22.54 4
31.0 1
25.94 2
24.08 4
21.33 10
2.42 30
19.62 12
18.97 32
23.49 8
1.9 9
23.65 6
21.94 10
2.37 37
21.46 8
21.07 7
2.53 21
18.34 45
21.78 9
25.04 4
2.41 23
29.35 1
2.36 24
24.82 1
23.72 3
2.44 30
26.13 1
2.38 26
23.3 3
28.23 2
28.25 2
20.87 23
2.24 12
22.92 2
2.32 31
19.74 20
20.85 11
20.65 12
2.06 11
2.18 1
2.34 15
26.54 2
20.56 16
21.04 13
23.87 7
2.46 22
24.57 5
2.05 1
1.91 3
21.85 8
2.33 12
22.45 8
2.09 9
21.12 11
21.97 10
2.3 13
21.2 11
22.17 6
25.26 2
23.88 6
20.93 13
2.11 3
23.83 1
21.96 9
20.13 14
22.03 3
39.83 1
21.61 9
20.67 17
24.2 1
23.48 4
19.66 22
19.39 23
22.31 8
19.13 27
21.64 16
20.04 21
23.29 6
21.48 15
28.18 2
24.4 2
22.08 6
24.38 4
21.57 8
21.8 7
23.14 7
31.44 1
23.57 3
20.15 14
29.66 1
31.36 1
23.91 3
23.16 7
22.86 6
21.5 9
19.82 25
20.57 13
24.61 4
19.67 33
22.44 8
23.89 4
21.11 9
21.18 13
21.47 9
24.25 3
25.24 2
25.11 3
25.44 5
19.03 23
21.72 6
25.78 4
25.25 5
24.87 5
25.71 6
25.03 1
22.63 4
22.64 7
25.52 5
23.23 5
19.91 14
22.2 9
25.89 2
23.4 2
24.22 4
20.84 7
21.74 10
22.19 10
20.88 9
26.83 2
42.01 1
1.53 1
22.93 6
24.05 8
22.36 12
30.96 2
21.24 6
20.52 17
30.43 1
26.41 1
23.44 5
27.57 3
21.19 10
27.5 2
28.71 1
23.51 3
25.14 1
28.26 2
24.78 2
21.82 8
26.3 2
23.34 4
21.36 6
26.46 2
22.38 8
29.06 1
20.69 12
24.66 5
21.26 14
23.41 4
22.43 2
28.96 1
24.29 3
33.19 1
22.4 1
26.03 2
23.75 3
23.13 5
24.42 4
2.31 14
23.92 6
26.79 1
21.89 13
2.17 4
25.5 2
19.22 26
28.82 1
28.19 2
26.0 2
30.36 2
25.99 2
20.28 16
28.73 1
20.16 20
24.63 5
25.53 2
28.76 2
24.83 1
23.9 3
24.18 4
33.84 1
25.18 5
26.31 3
23.18 7
21.68 11
20.98 16
22.82 6
27.19 2
2.2 9
38.16 1
24.93 2
20.19 16
23.94 4
22.22 5
24.76 1
1.56 2
2.21 18
24.03 2
2.26 16
22.71 9
30.29 2
23.05 5
27.34 1
24.5 7
25.81 1
24.65 2
23.38 5
24.92 2
1.77 1
2.35 25
20.29 15
21.79 7
26.32 1
25.43 2
31.66 2
22.34 3
24.37 4
22.41 5
30.17 1
22.04 10
20.63 11
24.13 5
25.49 3
22.5 4
21.76 8
27.39 2
22.55 6
37.37 1
22.27 7
25.23 2
33.53 1
25.29 1
25.32 1
21.22 12
25.35 2
23.12 7
19.24 24
36.49 1
21.27 11
23.46 6
22.21 11
19.81 24
24.11 3
23.54 3
24.28 1
28.35 1
25.72 4
21.58 3
20.99 15
23.21 2
24.23 4
31.27 1
24.67 2
24.68 3
23.59 5
22.83 6
22.78 5
22.24 3
33.29 1
22.85 2
23.79 5
22.98 6
23.96 2
37.84 1
25.01 2
30.13 2
28.31 1
26.06 1
22.53 4
27.21 2
30.31 1
27.62 2
25.61 2
25.21 4
23.82 5
24.73 2
22.37 7
19.87 17
23.33 1
32.43 1
31.39 2
27.22 1
23.85 4
29.82 1
23.42 1
24.98 2
23.78 2
24.55 4
24.02 2
29.02 1
23.19 2
20.49 6
26.21 1
30.09 1
27.74 1
21.75 4
20.81 3
30.42 1
25.3 2
27.94 1
25.73 2
24.12 2
22.32 5
24.17 2
24.75 3
23.03 5
22.58 3
1.99 2
49.86 1
27.05 1
28.86 3
23.01 10
25.22 3
26.14 1
29.85 1
25.38 1
27.17 1
23.81 2
27.26 1
22.89 2
27.88 1
27.48 1
25.34 2
28.52 1
32.32 1
28.54 3
25.37 4
31.75 1
22.95 3
23.32 2
24.71 2
27.29 1
24.32 6
27.36 1
29.63 1
27.24 1
27.98 3
28.22 1
22.23 8
26.74 4
23.86 4
40.18 1
23.17 3
23.98 5
28.75 1
24.47 4
26.36 2
21.71 9
32.09 1
26.39 3
23.45 3
23.67 2
27.97 1
24.53 2
36.37 1
51.2 1
24.85 3
36.88 1
29.5 1
31.88 2
24.27 2
28.34 1
25.51 1
28.5 1
25.95 1
1.92 1
35.46 1
30.74 1
24.36 1
23.0 7
25.1 2
24.19 1
28.94 1
24.06 1
28.2 2
23.61 2
25.54 2
38.19 1
27.69 2
27.16 2
25.28 2
22.56 3
30.03 1
28.53 3
29.46 1
27.1 1
39.98 1
2.01 1
2.0 2
26.57 1
29.98 1
25.92 2
2.22 7
24.54 2
27.78 1
29.64 1
26.72 1
23.06 2
31.59 1
25.12 2
22.35 6
24.9 3
30.24 1
27.95 1
27.75 1
28.56 1
22.66 3
25.83 1
27.67 2
28.47 1
1.96 1
22.74 7
25.65 1
23.25 3
26.48 5
25.96 1
28.03 1
25.85 3
24.35 2
32.33 1
23.64 4
38.53 1
26.89 2
33.58 1
31.24 2
23.73 4
22.79 6
28.33 1
24.16 2
25.63 1
27.63 1
27.42 1
25.45 2
27.53 1
27.0 1
25.4 1
32.02 1
45.75 1
1.12 1
27.56 1
25.47 2
1.69 1
33.06 1
30.25 1
0.32 1
1.97 2
25.13 3
2.12 1
25.09 1
25.15 1
24.74 1
25.9 2
47.16 1
46.59 1
46.25 1
35.54 1
26.69 1
25.06 1
29.83 1
35.52 1
45.3 1
25.88 2
25.39 1
27.07 1
25.93 4
27.83 2
27.55 3
29.38 2
26.91 1
29.05 1
26.6 1
27.46 1
32.53 1
26.96 2
30.76 1
24.48 2
25.19 2
39.05 1
24.96 4
25.55 3
24.21 3
27.33 1
1.73 1
1.74 1
34.51 1
24.43 3
48.39 1
1.85 1
29.94 1
33.16 1
1.27 1
22.12 1
26.15 1
24.6 3
25.97 2
26.43 1
27.6 1
24.46 2
25.86 1
35.5 1
24.81 3
26.25 2
25.8 3
22.15 2
35.38 1
32.16 1
30.53 1
26.22 1
33.4 1
25.05 3
24.69 3
24.51 1
2.04 1
35.78 1
34.92 1
28.36 1
24.91 1
25.74 1
23.95 4
28.27 1
29.44 1
27.45 1
29.22 1
1.72 1
28.3 1
52.61 1
1.86 1
1.63 1
39.46 1
1.76 1
1.84 1
26.58 1
31.77 1
33.14 2
27.27 1
29.45 2
40.92 1
34.16 1
29.16 1
2.08 2
25.6 2
1.39 2
23.36 2
25.98 1
24.8 2
31.92 1
27.64 1
25.56 1
27.28 3
27.01 1
24.41 1
25.41 1
34.37 1
26.1 1
30.54 1
27.93 1
26.08 2
27.23 1
26.65 1
23.07 1
25.76 1
35.8 1
31.15 1
27.87 1
26.4 1
30.15 1
38.34 1
29.6 1
23.8 1
28.77 1
33.47 1
29.34 1
28.57 1
24.94 2
25.48 1
36.76 1
32.07 1
24.52 2
26.53 2
28.21 1
31.11 1
28.07 1
25.77 3
26.88 1
22.57 2
32.05 2
24.79 1
26.17 1
24.24 2
28.88 1
26.49 1
29.41 1
31.97 1
28.05 1
28.81 3
26.12 1
27.3 1
30.49 1
25.2 1
26.44 1
36.98 1
27.77 1
28.7 1
31.14 1
26.59 1
28.58 1
23.62 4
29.12 1
26.01 1
32.12 1
30.59 1
29.04 2
41.96 1
27.51 2
24.45 2
31.4 1
32.68 1
29.49 1
32.1 1
28.08 1
28.28 1
23.63 1
26.05 1
26.07 1
28.29 1
29.95 1
37.49 1
36.4 1
25.84 1
30.33 1
29.19 1
25.75 1
26.51 1
29.84 1
26.8 1
26.87 1
27.8 1
30.85 1
30.93 1
26.5 1
28.43 1
42.56 1
27.32 1
25.58 1
28.91 1
1.94 1
36.32 1
23.66 2
33.25 1
26.52 1
24.33 1
36.56 1
29.24 1
29.23 1
