0.24 21995
0.42 34670
0.84 50802
0.67 53461
0.41 34270
0.38 31235
0.7 51305
0.63 49587
0.2 20726
0.33 28869
0.48 41591
0.1 16634
0.56 46619
0.45 39955
0.6 45363
0.77 46601
0.96 45454
0.54 46454
0.25 23064
0.89 49060
0.83 52595
0.31 27013
0.51 40748
0.66 52349
0.16 18490
0.01 20363
0.75 49765
0.52 44194
0.95 49590
0.02 17510
0.35 26029
0.88 51986
0.34 28648
0.09 16639
0.03 19220
0.61 45223
0.94 50348
0.49 43967
0.08 16514
0.21 19955
0.22 21397
0.3 26509
0.11 17403
0.14 18978
0.43 35052
0.68 51578
0.13 19480
0.18 20505
0.17 18634
0.15 19470
0.58 47184
0.86 51199
0.4 33324
0.28 25279
0.91 49804
0.76 48851
0.27 24779
0.73 54197
0.74 51509
0.46 39761
0.55 45594
0.07 17074
0.32 27736
0.37 30152
0.36 27631
0.69 51635
0.19 20590
0.57 47435
0.85 48572
0.39 32550
0.97 42988
0.65 50326
0.29 25470
0.87 53361
0.9 47953
0.8 51937
0.44 37167
0.82 49877
0.98 42623
0.0 14045
0.64 50016
0.06 17035
0.71 52312
0.5 42563
0.59 46190
0.53 46921
0.47 39536
0.78 48126
0.04 17586
0.72 56035
0.23 22085
0.12 18575
0.93 49167
0.81 51302
0.05 16240
0.79 50584
0.26 24652
0.62 47192
0.92 48791
0.99 38859
1.0 14151
