1.01 350208
1.0 331019
0.96 173990
0.95 140890
1.02 348638
0.94 112652
1.04 282873
1.03 325702
0.97 213801
0.92 71521
0.85 11427
0.9 44671
0.98 256685
1.07 65781
0.99 296045
0.91 57020
0.88 26990
1.06 149661
1.05 223455
0.84 8398
0.78 1337
0.89 34954
0.93 89895
0.81 3300
1.08 15221
0.87 20201
0.83 6158
0.86 15272
1.09 3045
0.79 1796
0.74 536
0.8 2450
0.21 30
0.82 4311
0.77 1022
0.53 322
0.72 419
0.23 40
0.0 149
0.76 772
0.62 313
0.73 469
0.67 319
1.11 167
1.1 674
0.66 319
0.58 433
0.71 415
0.75 640
0.51 339
0.59 417
1.12 73
0.43 217
0.35 120
0.7 345
0.18 20
0.68 336
0.47 306
0.64 343
1.13 49
0.65 321
0.36 135
0.57 378
0.45 207
0.46 224
0.42 196
0.29 60
0.5 363
0.6 374
0.54 372
0.44 273
0.37 155
0.48 323
0.56 381
0.41 171
0.52 326
0.28 67
0.4 170
0.69 370
1.14 7
0.61 324
0.12 4
1.15 6
0.17 22
0.34 114
0.24 48
0.3 68
0.63 280
0.38 162
0.16 26
0.14 10
0.49 376
0.55 377
0.2 32
0.32 94
0.39 131
0.31 78
0.33 137
1.16 1
0.22 31
0.27 69
0.19 27
0.25 50
0.13 16
0.26 48
1.17 1
0.15 7
0.11 4
0.09 1
