0.65 7476
0.0 2254071
0.1 12814
0.53 5759
0.93 40382
0.24 6578
0.94 35036
0.37 5387
0.01 131020
0.02 60540
0.06 20239
0.17 8413
0.91 45050
0.05 24267
0.96 22464
0.83 23570
0.84 25660
0.78 14639
0.03 39653
0.88 38702
0.85 29088
0.89 42075
0.9 44281
0.66 7649
0.63 6966
0.48 5623
0.04 30004
0.22 6669
0.7 8896
0.08 15629
0.97 16221
0.82 21022
0.31 5654
0.15 9008
0.92 43618
0.32 5694
0.43 5407
0.21 7075
0.81 19186
0.69 8720
0.62 6688
0.07 17609
0.44 5435
0.11 11863
0.29 5824
0.13 10161
0.87 35062
0.14 9521
0.38 5499
0.61 6637
0.34 5577
0.68 8310
0.77 13628
0.76 12710
0.4 5463
0.98 9113
0.28 6130
0.23 6681
0.86 32089
0.49 5548
0.19 7641
0.47 5403
0.39 5577
0.74 11079
0.5 5595
0.51 5610
0.99 4682
0.71 9414
0.18 8029
0.42 5300
0.54 5837
0.95 28998
0.09 14017
0.75 12025
0.58 6205
0.55 5969
0.72 9757
0.27 6332
0.8 17764
0.52 5596
0.73 10456
0.33 5648
0.45 5310
0.67 7947
0.12 10962
0.26 6182
0.16 8723
0.3 5963
0.6 6454
0.25 6354
0.64 7007
0.59 6294
0.79 16024
0.2 7168
0.35 5429
0.41 5486
0.46 5370
0.36 5492
0.57 6113
0.56 5960
1.0 1463
