0.77 4536
0.09 263358
0.41 14801
0.25 39781
0.22 45564
0.34 47089
0.06 109180
0.26 39589
0.11 364402
0.36 40392
0.15 102926
0.69 10656
0.1 312837
0.29 40837
0.13 161448
0.38 29091
0.16 86002
0.12 224786
0.07 157469
0.08 210690
0.3 41814
0.17 73832
0.35 44803
0.4 17261
0.97 10289
0.14 125762
0.86 4276
0.18 65119
0.33 47347
0.21 48958
0.05 69765
0.63 6765
0.56 6405
0.59 6394
0.42 12985
0.39 21994
0.2 52868
0.71 9228
0.95 7790
0.19 58150
0.04 39922
0.6 6281
0.03 17925
0.55 6494
0.7 10701
0.54 6665
0.44 10467
0.23 43023
0.75 5227
0.52 6870
0.72 7370
0.27 39187
0.81 4176
0.99 3915
0.31 43704
0.43 11608
0.84 4122
0.66 7989
0.91 5426
0.24 41037
0.98 8935
0.28 39622
0.32 46080
0.67 8668
0.46 9058
0.61 6598
0.96 9109
0.82 3983
0.37 35147
0.49 7489
0.74 5559
0.62 6606
0.64 7033
0.89 4735
0.5 7402
0.57 6269
0.87 4393
0.53 6750
0.45 9693
0.92 5723
0.47 8478
0.73 6330
0.93 6207
0.88 4596
0.9 4977
0.58 6419
0.65 7330
0.85 4269
0.68 9856
0.79 4228
0.51 6983
0.48 8008
0.78 4448
0.94 6953
0.8 4125
0.76 4884
0.02 4892
0.83 4060
1.0 362
0.0 346
0.01 437
