-17.0 58927
-11.0 202261
-9.0 299320
-12.0 166030
-14.0 106965
-10.0 244851
-13.0 133832
-22.0 27663
-16.0 70734
-5.0 368260
-7.0 408820
-8.0 359393
-15.0 86240
-6.0 421310
-35.0 2916
-20.0 37137
-18.0 49939
-25.0 17590
-19.0 42268
-23.0 23868
-4.0 253683
-29.0 9353
-2.0 43174
-32.0 5227
-21.0 31663
-3.0 125699
-26.0 15178
-24.0 20303
-33.0 4239
-27.0 13097
-37.0 1963
-28.0 11134
-30.0 7738
-0.0 2753
-38.0 1964
-31.0 6208
-34.0 3560
-40.0 1011
-45.0 281
-1.0 11378
-47.0 163
-36.0 2493
-60.0 104
-44.0 388
-39.0 1476
-41.0 866
-42.0 684
-43.0 556
1.0 699
2.0 196
3.0 75
4.0 37
-48.0 119
-46.0 197
-51.0 48
-50.0 64
-54.0 25
-59.0 9
-49.0 114
-53.0 30
-56.0 14
-55.0 13
-57.0 17
-52.0 43
5.0 17
6.0 3
-58.0 8
