0.2 55582
0.36 43362
0.3 46981
0.7 41667
0.89 30521
0.12 43779
0.14 53206
0.95 23307
0.47 38972
0.27 48688
0.21 54765
0.1 27461
0.16 57509
0.87 32389
0.19 56869
0.55 38544
0.33 44706
0.54 38952
0.62 41122
0.28 47984
0.23 52163
0.15 56260
0.38 43142
0.4 41316
0.26 49634
0.94 24986
0.24 51588
0.41 40814
0.25 50595
0.18 58059
0.09 18951
0.61 39647
0.45 39026
0.31 46551
0.13 47746
0.22 53965
0.72 41817
0.53 38392
0.85 34458
0.64 40416
0.17 58201
0.35 43885
0.75 40777
0.92 27436
0.43 40240
0.37 41717
0.34 44241
0.29 47848
0.58 40179
0.32 45245
0.81 38219
0.66 41451
0.57 38874
0.11 35410
0.86 34129
0.84 36414
0.46 39461
0.68 41548
0.42 40654
0.71 41517
0.49 38700
0.51 38613
0.44 39978
0.52 39172
0.79 39128
0.9 30022
0.39 41643
0.76 40781
0.96 21573
0.6 39975
0.98 19583
0.69 41217
0.56 38898
0.8 39176
0.77 40059
0.97 21101
0.48 39151
0.5 38622
0.93 25756
0.83 36803
0.08 11957
0.78 40162
0.88 32401
0.07 6075
0.63 39782
0.65 40745
0.59 39484
0.67 41035
0.74 41314
0.73 41546
0.91 28411
0.82 37895
0.99 18462
0.06 2277
1.0 17701
0.0 3218
0.05 574
0.04 59
0.03 1
