0.76 27631
0.75 28026
0.49 50873
0.21 47066
0.19 46516
0.81 29103
0.83 29936
0.36 44951
0.37 45020
0.87 33527
0.64 35849
0.79 28637
0.92 34608
0.09 33087
0.58 50029
0.69 31686
0.61 44629
0.32 45468
0.47 49078
0.48 49694
0.77 27901
0.44 47502
0.85 31632
0.65 33690
0.88 34713
0.45 47927
0.04 22892
0.84 30674
0.46 48873
0.55 51197
0.38 45157
0.86 32491
0.9 37061
0.5 50805
0.59 48573
0.72 29002
0.62 42347
0.78 27857
0.27 46754
0.25 47057
0.34 45224
0.6 46894
0.63 38913
0.11 36714
0.26 47004
0.24 47150
0.51 51225
0.54 51454
0.53 51692
0.3 45958
0.43 46867
0.67 31162
0.28 46497
0.14 41821
0.39 45067
0.29 46370
0.71 30485
0.89 35826
0.66 32095
0.96 2937
0.13 40411
0.42 46180
0.41 45923
0.22 47086
0.8 28578
0.4 45370
0.74 28380
0.17 44529
0.94 20086
0.31 45561
0.68 31001
0.7 32958
0.57 50780
0.56 51445
0.15 42675
0.12 38657
0.93 29361
0.91 37210
0.52 51740
0.06 27263
0.35 44725
0.08 31157
0.23 47186
0.18 45063
0.33 44998
0.73 28704
0.05 24761
0.82 29164
0.16 44163
0.2 46716
0.07 29417
0.03 20452
0.02 18811
0.1 35110
0.01 16193
0.95 10272
0.0 13097
0.97 328
0.98 3
