1971.0 6357
1963.0 3451
1974.0 6375
1988.0 13129
1987.0 11277
1956.0 2261
1989.0 14145
1966.0 4653
1972.0 7634
1955.0 1606
1984.0 8666
1980.0 8301
1975.0 6943
1969.0 6399
1983.0 8527
1985.0 9401
1986.0 10009
1981.0 7839
1973.0 7567
1961.0 2792
1959.0 2887
1968.0 5680
1978.0 7395
1990.0 17367
1977.0 7222
1970.0 7041
1958.0 2553
1965.0 4349
1982.0 8425
1960.0 3805
1979.0 7003
1976.0 7108
1957.0 2468
1967.0 5882
1950.0 749
1953.0 450
1964.0 3784
1954.0 1202
1962.0 3484
1951.0 861
1952.0 516
1991.0 19472
1992.0 20868
1993.0 24393
1994.0 26695
1995.0 31276
1996.0 30621
1997.0 33776
1998.0 37463
1999.0 42583
2000.0 46177
2001.0 48461
2002.0 52235
2003.0 58701
2004.0 62399
2005.0 77688
2006.0 87334
2007.0 89921
2008.0 100505
2009.0 113618
2010.0 128756
2011.0 148800
2012.0 168772
2013.0 191884
2014.0 228470
2015.0 275057
2016.0 343800
2017.0 473127
2018.0 495971
2019.0 2
