0.03 785916
0.05 449575
0.07 181660
0.04 783059
0.06 269347
0.08 131911
0.12 56401
0.14 42927
0.86 1264
0.1 81333
0.11 66649
0.09 101270
0.28 20296
0.37 13062
0.2 25633
0.16 34312
0.18 29025
0.02 18603
0.15 37980
0.33 17109
0.13 48854
0.22 23339
0.17 31585
0.88 1788
0.65 723
0.56 1586
0.31 18660
0.36 13882
0.23 22914
0.54 2006
0.45 6115
0.94 7951
0.24 22308
0.5 3428
0.93 6247
0.25 21667
0.47 4716
0.38 11747
0.32 17834
0.29 19959
0.9 2749
0.6 1061
0.3 19038
0.21 24993
0.34 16020
0.19 27363
0.4 10071
0.41 9019
0.92 4738
0.35 15150
0.42 8429
0.26 21101
0.91 3415
0.46 5326
0.83 877
0.53 2407
0.27 20699
0.87 1539
0.0 3218
0.67 654
0.74 665
0.76 633
0.51 2906
0.81 772
0.48 4324
0.55 1756
0.72 609
0.44 7035
0.49 3931
0.57 1453
0.39 10923
0.95 7420
0.89 2152
0.66 724
0.43 7567
0.59 1113
0.61 983
0.73 589
0.84 1006
0.71 622
0.68 624
0.52 2622
0.69 588
0.77 645
0.79 699
0.58 1310
0.63 870
0.78 693
0.62 907
0.85 1090
0.82 823
0.75 607
0.64 782
0.96 2981
0.8 694
0.7 668
0.97 94
