100.0 75800
141.0 19655
139.0 21240
133.0 28227
152.0 19455
136.0 39737
88.0 34434
115.0 47830
130.0 91486
92.0 46326
118.0 40447
79.0 27287
99.0 30017
83.0 32460
98.0 44369
107.0 30878
154.0 15624
105.0 49535
76.0 24716
101.0 26806
117.0 31365
164.0 14653
183.0 4448
122.0 45761
138.0 39977
134.0 35351
84.0 30667
78.0 30423
129.0 27936
114.0 34831
125.0 62129
82.0 38420
147.0 16328
119.0 28408
121.0 30414
120.0 117043
132.0 44268
91.0 33466
168.0 18732
108.0 38456
72.0 12858
70.0 11153
184.0 8439
80.0 51471
145.0 32457
116.0 37986
106.0 33599
66.0 6580
144.0 33595
69.0 8843
142.0 30835
96.0 45788
85.0 32605
131.0 26092
97.0 38270
160.0 42903
112.0 40684
157.0 9263
146.0 25545
148.0 26316
103.0 31031
124.0 51784
140.0 97387
102.0 35704
109.0 27344
177.0 8510
170.0 35366
104.0 34414
113.0 32249
123.0 39850
176.0 19229
163.0 7298
185.0 5381
135.0 44901
128.0 81931
215.0 191
86.0 26186
110.0 64843
111.0 28875
149.0 12091
95.0 58308
74.0 16138
153.0 10674
93.0 40314
165.0 13424
150.0 50942
127.0 36278
68.0 8968
171.0 10241
175.0 16067
137.0 25035
172.0 24529
94.0 41955
75.0 30585
155.0 17918
204.0 3536
179.0 6923
89.0 26925
58.0 1572
178.0 13544
159.0 7838
166.0 14003
90.0 63292
71.0 9818
151.0 10624
81.0 31559
180.0 29845
156.0 18442
143.0 19980
63.0 4384
167.0 8713
87.0 29322
59.0 1932
173.0 10840
126.0 50583
73.0 13836
77.0 27425
202.0 3022
169.0 9302
162.0 12041
158.0 14426
161.0 7081
50.0 774
190.0 5510
208.0 1361
205.0 1776
36.0 156
174.0 23297
67.0 8337
62.0 4014
64.0 4336
186.0 6489
235.0 8
182.0 6876
211.0 220
201.0 2277
181.0 4943
187.0 3456
203.0 1980
209.0 542
188.0 5840
194.0 2441
200.0 8327
189.0 2574
61.0 3083
193.0 1306
199.0 1968
65.0 5444
191.0 1689
198.0 2441
53.0 829
48.0 497
54.0 828
60.0 3475
192.0 4174
0.0 3217
196.0 2859
217.0 132
47.0 452
207.0 1084
197.0 1312
195.0 2233
206.0 1950
210.0 749
57.0 1248
52.0 956
45.0 287
55.0 902
56.0 1040
216.0 372
237.0 9
51.0 905
219.0 98
218.0 203
37.0 160
49.0 573
213.0 169
40.0 105
41.0 95
42.0 114
46.0 328
232.0 11
38.0 136
214.0 249
34.0 135
39.0 112
33.0 89
220.0 296
223.0 11
31.0 32
43.0 152
212.0 226
35.0 193
44.0 199
30.0 12
32.0 61
231.0 8
227.0 5
229.0 3
246.0 12
221.0 17
234.0 9
230.0 18
240.0 36
225.0 3
222.0 22
236.0 10
239.0 7
244.0 6
243.0 9
247.0 3
233.0 11
224.0 4
245.0 5
242.0 1
248.0 13
241.0 5
226.0 2
249.0 2
250.0 2
238.0 4
228.0 1
