duration 108.40078 233.19153 176.74667358398438 217.91346740722656 267.17333984375 30.00095 1799.9987 
release_year 11.032883 2009.2618 2006.0 2013.0 2017.0 1950.0 2019.0 
us_pop_estimate 2.7355654 95.57389 93.38182640075684 95.75416564941406 97.92122077941895 90.0 100.0 
acousticness 0.3426438 0.34697142 0.026676796842366457 0.22051293402910233 0.6528423428535461 0.0 0.99579644 
beat 0.17175929 0.46174732 0.33165277540683746 0.45931588113307953 0.5851561725139618 0.0 0.9999525 
bounciness 0.19902638 0.4791121 0.32069869339466095 0.47959718108177185 0.6339014023542404 0.0 0.98627746 
danceability 0.18584399 0.55654883 0.43269796669483185 0.5727441310882568 0.6975901275873184 0.0 0.9978067 
dyn_range_mean 2.680296 7.8482637 5.82196319103241 7.5199196338653564 9.476902484893799 0.0 52.613094 
energy 0.26028153 0.59184915 0.4098319336771965 0.6261149644851685 0.8073052018880844 0.0 0.99998415 
flatness 0.05521685 0.99345285 0.9691407978534698 1.0024218559265137 1.0291716158390045 0.0 1.1678013 
instrumentalness 0.34479046 0.20700543 2.465404733698051e-07 0.00021618742175633088 0.31328627467155457 0.0 0.9999964 
key 3.5640194 5.2724347 2.0 5.0 8.0 0.0 11.0 
liveness 0.19244611 0.21265154 0.09680309891700745 0.1294194757938385 0.2700362280011177 0.0 1.0 
loudness 5.7326536 -9.604982 -11.710000038146973 -8.083999633789062 -5.790999889373779 -60.0 6.275 
mechanism 0.2561808 0.49962053 0.26923078298568726 0.48543688654899597 0.7173144817352295 0.0 1.0 
mode 0.4765018 0.65147984 0.0 1.0 1.0 0.0 1.0 
organism 0.25091973 0.46189377 0.25323486328125 0.45492370426654816 0.6480055153369904 0.0 0.9791129 
speechiness 0.13859805 0.104530916 0.0362724345177412 0.0501267034560442 0.10153559595346451 0.0 0.97057986 
tempo 30.42756 120.06836 96.03399658203125 119.947998046875 139.86000061035156 0.0 249.987 
time_signature 0.48518974 3.8745599 4.0 4.0 4.0 0.0 5.0 
valence 0.2725142 0.481476 0.25195426493883133 0.47360245883464813 0.7050038725137711 0.0 0.99999 
