0.22 40315
0.48 40951
0.82 32693
0.59 39679
0.23 41926
0.5 42617
0.95 23733
0.69 38185
0.56 40982
0.3 40612
0.39 45096
0.14 38184
0.62 38092
0.47 39660
0.68 38519
0.29 39769
0.66 38925
0.83 31750
0.93 30478
0.18 40715
0.51 42510
0.54 42853
0.74 34547
0.33 45238
0.09 29482
0.03 35237
0.71 37398
0.87 28712
0.52 42258
0.9 30361
0.13 35450
0.38 44259
0.35 46460
0.64 38381
0.55 42400
0.6 38646
0.25 37729
0.57 39781
0.41 39577
0.37 44198
0.28 39890
0.58 39390
0.49 42087
0.94 27268
0.07 40191
0.46 39851
0.86 30534
0.17 38382
0.67 38599
0.61 38346
0.96 64030
0.97 46825
0.85 31662
0.8 33775
0.72 36151
0.36 45319
0.77 34858
0.98 11410
0.7 37983
0.75 33971
0.91 28095
0.89 32230
0.26 38531
0.45 39486
0.79 33243
0.32 43284
0.73 35181
0.15 40625
0.88 31374
0.31 41599
0.24 40153
0.19 42024
0.06 33737
0.12 35372
0.63 37706
0.44 40075
0.81 33459
0.43 39930
0.16 39799
0.34 45681
0.27 39643
0.65 39270
0.04 100916
0.21 39554
0.05 28446
0.92 29796
0.11 35573
0.42 39891
0.2 41183
0.84 31737
0.4 42481
0.78 34076
0.53 42825
0.76 34856
0.1 32383
0.08 36293
0.99 2055
0.0 8323
0.02 3581
1.0 356
0.01 2686
